# Pool 1 (66 points)
117 118
115 116
114 116
113 115
112 115
111 114
103 114
102 115
99 115
98 116
97 116
96 117
95 117
94 118
93 118
92 119
90 119
89 120
88 120
87 121
86 121
81 126
80 126
79 127
78 127
74 131
74 132
73 133
73 134
72 135
72 141
73 142
73 143
74 144
74 145
75 146
75 147
78 150
79 150
80 151
85 151
86 150
88 150
89 149
90 149
100 139
101 139
102 138
103 138
104 137
105 137
106 136
107 136
108 135
109 135
110 134
111 134
112 133
113 133
116 130
116 129
117 128
117 125
118 124
118 123
117 122

