# Pool 1 (41 points)
43 0
43 3
41 5
41 6
38 9
37 9
35 11
35 12
34 13
34 16
35 17
35 18
38 21
38 23
39 24
39 25
40 26
40 28
41 29
41 33
42 34
42 36
44 38
44 39
48 43
49 42
55 42
57 40
57 38
58 37
58 33
59 32
59 30
60 29
60 25
61 24
61 14
62 13
62 5
63 4
63 0

# Pool 2 (75 points)
126 97
125 98
124 98
122 100
121 100
119 102
118 102
116 104
115 104
113 106
112 106
110 108
109 108
107 110
106 110
104 112
103 112
102 113
102 115
104 117
104 118
107 121
107 122
110 125
110 126
112 128
112 129
114 131
114 132
116 134
116 135
118 137
118 138
124 145
126 150
128 152
128 153
130 155
131 158
133 160
133 161
134 162
135 161
138 160
144 154
145 154
146 153
151 151
153 149
154 149
159 145
158 144
157 141
153 136
152 133
149 130
149 129
143 122
143 121
141 119
141 118
139 116
139 115
138 114
137 114
135 112
135 110
134 109
134 108
131 105
131 104
129 102
129 101
127 99
127 98

