# Pool 1 (52 points)
145 79
143 81
143 82
142 83
142 92
143 93
143 94
145 96
145 98
146 99
146 100
147 101
147 102
149 104
150 104
152 106
152 107
154 109
154 110
156 112
156 113
157 114
158 114
160 116
167 116
168 115
169 115
173 111
173 110
174 109
174 102
171 99
171 97
167 93
167 92
165 90
165 89
163 87
163 86
162 85
162 84
160 82
160 81
158 79
157 79
156 78
153 78
152 77
150 77
149 78
147 78
146 79

# Pool 2 (69 points)
189 60
188 61
187 61
186 62
185 62
183 64
182 64
179 67
178 67
176 69
175 69
174 70
174 72
175 73
175 74
176 75
176 76
178 78
178 81
181 84
182 84
183 85
183 86
185 88
185 89
187 91
187 92
189 94
189 95
191 97
191 98
192 99
192 100
194 102
194 103
196 105
199 105
201 103
202 103
203 102
204 102
207 99
208 99
209 98
210 98
213 95
214 95
218 91
216 89
216 86
214 84
211 84
210 83
209 83
208 82
207 82
204 79
204 78
202 76
202 75
200 73
200 72
198 70
198 69
196 67
196 66
194 64
194 63
191 60

