# Pool 1 (56 points)
114 51
111 54
111 55
110 56
110 63
111 64
111 66
112 67
112 69
119 76
119 77
120 78
120 79
122 81
122 82
124 84
125 84
126 85
127 85
129 87
130 87
131 88
132 88
134 90
136 90
137 89
142 89
143 88
144 88
150 82
150 80
151 79
151 77
144 70
144 69
142 67
141 67
140 66
138 66
137 65
136 65
135 64
134 64
131 61
131 60
130 59
130 58
127 55
127 54
123 50
121 50
120 49
119 49
118 50
116 50
115 51

# Pool 2 (53 points)
179 121
178 120
177 120
176 119
176 116
172 112
166 112
165 113
160 113
159 112
154 112
153 113
152 113
151 114
149 114
148 115
145 115
143 117
142 117
140 119
139 119
137 121
136 121
134 123
133 123
129 127
129 131
136 138
141 138
142 139
146 139
147 138
149 138
150 137
151 137
154 134
155 134
156 133
157 133
158 132
159 132
160 131
163 131
164 130
167 130
168 129
170 129
171 128
172 128
176 124
176 123
177 122
178 122

